1k-R-Us, 1k-ohm manufacturing data
985.7
998.2
1006.0
1028.8
1017.6
915.1
1008.8
1027.3
1078.3
991.9
1102.5
987.3
978.4
983.6
942.6
923.1
978.5
951.2
982.9
1051.8
947.3
1091.0
1049.9
1012.3
996.1
1005.0
1049.0
945.6
981.5
1023.7
1001.4
1031.9
1045.3
1054.3
965.9
1057.1
1016.5
1018.4
942.6
1036.3
943.4
973.5
932.9
855.3
999.0
1040.8
1071.4
1046.6
947.1
1006.4
924.0
933.9
956.6
912.4
1016.5
996.2
1079.1
1018.9
985.6
979.9
1018.3
997.0
1038.2
996.4
974.4
1013.4
1016.3
1052.3
909.0
932.8
994.0
1017.9
1069.2
965.5
969.4
1024.2
968.1
964.1
1008.3
1067.7
1042.6
977.9
1035.7
1053.5
948.0
993.9
954.4
892.1
966.2
926.2
904.2
1002.9
1019.1
1040.4
1012.3
1028.0
1029.7
983.1
1006.8
938.2
