Vive la Resistance, Inc., 1k-ohm manufacturing data
1028.5
1035.3
998.4
1037.9
1038.1
1032.2
1033.4
1013.8
1029.6
1015.0
1033.4
1020.7
1011.4
1058.4
1044.0
1038.6
1056.5
1046.3
1010.9
1023.8
1035.5
1063.1
1038.7
994.8
1095.7
1026.0
1049.5
1041.7
1059.4
1027.2
1057.2
1028.3
1042.0
1036.3
1006.9
1038.2
1030.5
1072.9
1039.7
1064.9
1042.1
1073.3
1068.0
1067.7
1028.9
1066.5
1050.9
1030.8
1075.7
1046.3
1057.5
1025.4
1036.9
1005.5
1013.5
1041.5
1034.8
1041.0
1070.8
1041.5
1028.7
1054.2
1018.1
987.7
1051.8
1022.3
1031.8
1033.8
1054.4
1034.4
1013.1
1015.7
1025.7
1033.9
1048.8
1036.7
1037.4
1051.1
1003.4
1054.7
1027.7
1021.5
1010.7
1057.6
1039.6
1043.4
1061.3
1000.4
1041.2
1046.2
1028.7
1025.9
1068.4
1059.1
1030.0
1044.4
1046.7
1057.4
1040.2
1002.5
